"wave" "response"
4550 0
4600 1e-04
4650 0.0012
4700 0.0118
4750 0.0589
4800 0.1571
4850 0.2526
4900 0.2953
4950 0.3026
5000 0.3019
5050 0.3026
5100 0.3051
5150 0.3094
5200 0.3152
5250 0.3224
5300 0.3307
5350 0.34
5400 0.3503
5450 0.3609
5500 0.3722
5550 0.3839
5600 0.3965
5650 0.4098
5700 0.4233
5750 0.4369
5800 0.4502
5850 0.4629
5900 0.4747
5950 0.4853
6000 0.4943
6050 0.5011
6100 0.5069
6150 0.5115
6200 0.5153
6250 0.5187
6300 0.5225
6350 0.5257
6400 0.5281
6450 0.5299
6500 0.5309
6550 0.5311
6600 0.5303
6650 0.5294
6700 0.5282
6750 0.5271
6800 0.5274
6850 0.5277
6900 0.5281
6950 0.5283
7000 0.5281
7050 0.527
7100 0.5256
7150 0.5243
7200 0.5231
7250 0.5226
7300 0.5223
7350 0.5211
7400 0.5167
7450 0.501
7500 0.4593
7550 0.3808
7600 0.2705
7650 0.1575
7700 0.0725
7750 0.0258
7800 0.0069
7850 0.0014
7900 2e-04
7950 0
