"wave" "response"
8850 0
8900 2e-04
8950 0.001
9000 0.0041
9050 0.0135
9100 0.0374
9150 0.086
9200 0.1664
9250 0.274
9300 0.3911
9350 0.4944
9400 0.5678
9450 0.6101
9500 0.6295
9550 0.6367
9600 0.6388
9650 0.6387
9700 0.6384
9750 0.6376
9800 0.6371
9850 0.6362
9900 0.6353
9950 0.6348
10000 0.634
10050 0.6337
10100 0.6333
10150 0.633
10200 0.6327
10250 0.6324
10300 0.6322
10350 0.6317
10400 0.6315
10450 0.6314
10500 0.6314
10550 0.6314
10600 0.6315
10650 0.6316
10700 0.6318
10750 0.6319
10800 0.6321
10850 0.6327
10900 0.6329
10950 0.633
11000 0.6335
11050 0.6332
11100 0.6332
11150 0.6335
11200 0.6338
11250 0.6337
11300 0.634
11350 0.6342
11400 0.6344
11450 0.6344
11500 0.6349
11550 0.6351
11600 0.6353
11650 0.6359
11700 0.6362
11750 0.6369
11800 0.6375
11850 0.6379
11900 0.6386
11950 0.6394
12000 0.6397
12050 0.6401
12100 0.641
12150 0.6418
12200 0.6423
12250 0.643
12300 0.6438
12350 0.6443
12400 0.6447
12450 0.6453
12500 0.6454
12550 0.6456
12600 0.6457
12650 0.6456
12700 0.6454
12750 0.6453
12800 0.6452
12850 0.6448
12900 0.6448
12950 0.6446
13000 0.6445
13050 0.6448
13100 0.6448
13150 0.6452
13200 0.6456
13250 0.6457
13300 0.6463
13350 0.6469
13400 0.6472
13450 0.6478
13500 0.6485
13550 0.6489
13600 0.6497
13650 0.6502
13700 0.6511
13750 0.652
13800 0.6525
13850 0.6534
13900 0.654
13950 0.6543
14000 0.6545
14050 0.6544
14100 0.6541
14150 0.654
14200 0.6541
14250 0.6547
14300 0.6549
14350 0.6553
14400 0.6553
14450 0.655
14500 0.6552
14550 0.6555
14600 0.6557
14650 0.6558
14700 0.6559
14750 0.6563
14800 0.6563
14850 0.6567
14900 0.6568
14950 0.6572
15000 0.6573
15050 0.6574
15100 0.6579
15150 0.6583
15200 0.6586
15250 0.6592
15300 0.6594
15350 0.66
15400 0.6606
15450 0.661
15500 0.6615
15550 0.6618
15600 0.6622
15650 0.6624
15700 0.6629
15750 0.6631
15800 0.6634
15850 0.6639
15900 0.6645
15950 0.6652
16000 0.6661
16050 0.667
16100 0.668
16150 0.6689
16200 0.6698
16250 0.6711
16300 0.6724
16350 0.6733
16400 0.6742
16450 0.675
16500 0.6758
16550 0.6767
16600 0.6771
16650 0.6779
16700 0.6786
16750 0.6789
16800 0.6792
16850 0.6798
16900 0.6801
16950 0.6803
17000 0.6809
17050 0.6816
17100 0.6822
17150 0.6827
17200 0.6835
17250 0.6839
17300 0.6843
17350 0.6847
17400 0.6851
17450 0.6851
17500 0.6855
17550 0.6851
17600 0.685
17650 0.6844
17700 0.6837
17750 0.683
17800 0.6823
17850 0.682
17900 0.6814
17950 0.6809
18000 0.6802
18050 0.6797
18100 0.6799
18150 0.6795
18200 0.6799
18250 0.6803
18300 0.6806
18350 0.681
18400 0.6814
18450 0.6819
18500 0.6822
18550 0.6826
18600 0.6829
18650 0.6837
18700 0.684
18750 0.6846
18800 0.6849
18850 0.6851
18900 0.6849
18950 0.685
19000 0.6849
19050 0.6848
19100 0.6849
19150 0.6845
19200 0.684
19250 0.6837
19300 0.6827
19350 0.6817
19400 0.6799
19450 0.6774
19500 0.6727
19550 0.6653
19600 0.6538
19650 0.6372
19700 0.6149
19750 0.5854
19800 0.5484
19850 0.5043
19900 0.4538
19950 0.3985
20000 0.341
20050 0.2832
20100 0.2281
20150 0.1778
20200 0.1339
20250 0.0973
20300 0.0682
20350 0.046
20400 0.0299
20450 0.0186
20500 0.0112
20550 0.0064
20600 0.0035
20650 0.0019
20700 0.001
20750 5e-04
20800 2e-04
20850 1e-04
20900 0
